Epoch	AverageEpRet	StdEpRet	MaxEpRet	MinEpRet	EpLen	AverageEpCost	StdEpCost	MaxEpCost	MinEpCost	AverageVVals	StdVVals	MaxVVals	MinVVals	TotalEnvInteracts	LossPi	LossV	DeltaLossPi	DeltaLossV	Entropy	KL	ClipFrac	StopIter	Time
0	10.0	0.0	10.0	10.0	1000.0	40.9	29.101374	97.0	0.0	-0.019609507	0.021428358	0.018424483	-0.0999153	10000	0.58380765	0.8825405	-0.5172241	-0.8428788	0.9189386	4.052699	0.96	99.0	33.133848667144775
1	10.0	0.0	10.0	10.0	1000.0	24.7	23.920912	66.0	0.0	0.89487785	0.04777034	1.0616038	0.7525295	20000	0.70562434	0.011103144	-0.76379514	-0.010556626	0.9114871	7.2704673	0.9528	99.0	73.51461601257324
2	10.0	0.0	10.0	10.0	1000.0	46.1	48.00927	139.0	0.0	0.98932207	0.011975237	1.0544955	0.93719983	30000	2.0612335	0.00023163934	-1.7969384	-0.00019107004	0.90454763	10.979716	0.9973	99.0	112.90419697761536
3	10.0	0.0	10.0	10.0	1000.0	21.3	39.691437	133.0	0.0	0.9977336	0.00659927	1.0485842	0.96495956	40000	0.26217976	4.560513e-05	-0.14632577	-2.7451606e-05	0.9091382	10.011716	0.9407	99.0	150.9973521232605
4	10.0	0.0	10.0	10.0	1000.0	31.1	31.982653	87.0	0.0	0.99961084	0.0050201137	1.0471413	0.98108405	50000	0.11021322	2.5156354e-05	-0.05072885	-1.2613588e-05	0.90748984	10.955102	0.9358	99.0	187.82208895683289
5	10.0	0.0	10.0	10.0	1000.0	28.2	27.33057	70.0	0.0	0.9995829	0.0036376163	1.0354258	0.9768907	60000	0.16801125	1.3571548e-05	-0.053581245	-4.8682277e-06	0.89856815	11.489657	0.9497	99.0	225.11646103858948
6	10.0	0.0	10.0	10.0	1000.0	36.3	42.054844	130.0	0.0	0.99979705	0.003444061	1.0362879	0.98525614	70000	0.15318848	1.2028691e-05	-0.040269315	-3.9628458e-06	0.892529	12.645024	0.9475	99.0	261.3194236755371
7	10.0	0.0	10.0	10.0	1000.0	31.6	34.047615	89.0	0.0	0.9997014	0.0025084212	1.031747	0.9870951	80000	0.13947335	6.211905e-06	-0.053992294	-1.8770484e-06	0.88669336	10.4520855	0.9495	99.0	294.94559240341187
8	10.0	0.0	10.0	10.0	1000.0	45.3	35.137016	101.0	0.0	0.9997881	0.0022249932	1.0252199	0.9884413	90000	0.1316954	5.029309e-06	-0.037008658	-1.2049918e-06	0.8783629	11.1655245	0.946	99.0	333.1405031681061
9	10.0	0.0	10.0	10.0	1000.0	24.2	24.947144	70.0	0.0	0.99980235	0.0021640358	1.0226256	0.9836261	100000	0.34501585	4.8830093e-06	-0.10967176	-1.3712447e-06	0.86901796	42.989452	1.0	99.0	369.9804060459137
10	10.0	0.0	10.0	10.0	1000.0	58.0	40.5512	115.0	0.0	0.99941766	0.0022409633	1.0207145	0.9812991	110000	0.22993486	5.293985e-06	0.0	-1.922855e-06	0.868461	42.86851	1.0	99.0	407.46698093414307
11	10.0	0.0	10.0	10.0	1000.0	56.3	43.829327	132.0	0.0	0.9998294	0.0019456059	1.0183036	0.98708904	120000	0.25851583	3.8905946e-06	0.0	-1.0737183e-06	0.868461	43.00784	1.0	99.0	443.6627621650696
12	10.0	0.0	10.0	10.0	1000.0	33.0	33.12401	101.0	0.0	0.9999543	0.0017378364	1.0175551	0.98817605	130000	0.25609726	3.065136e-06	0.0	-1.0635108e-06	0.868461	42.887962	1.0	99.0	482.09721326828003
13	10.0	0.0	10.0	10.0	1000.0	38.0	32.227318	91.0	0.0	0.9999289	0.0017378415	1.0138024	0.9854735	140000	0.26414987	3.0321726e-06	0.0	-9.1542597e-07	0.868461	43.041164	1.0	99.0	517.2038216590881
14	10.0	0.0	10.0	10.0	1000.0	22.4	18.85842	44.0	0.0	0.999992	0.0014025094	1.0143126	0.9900713	150000	0.26907188	2.0139844e-06	0.0	-4.1199814e-07	0.868461	42.984	1.0	99.0	550.9602422714233
15	10.0	0.0	10.0	10.0	1000.0	48.7	60.395447	205.0	0.0	0.9997514	0.0014344519	1.009381	0.98998994	160000	0.2756326	2.1291498e-06	0.0	-5.9026104e-07	0.868461	42.924503	1.0	99.0	586.1452758312225
16	10.0	0.0	10.0	10.0	1000.0	39.7	38.54102	122.0	0.0	1.0000877	0.0013531893	1.0108837	0.9926182	170000	0.26975462	1.8746331e-06	0.0	-5.2679115e-07	0.868461	43.042587	1.0	99.0	626.6185231208801
17	10.0	0.0	10.0	10.0	1000.0	58.5	31.80959	121.0	12.0	0.99982834	0.0012544129	1.0093507	0.98551255	180000	0.2725281	1.6471535e-06	0.0	-4.2112947e-07	0.868461	42.98991	1.0	99.0	667.3139100074768
18	10.0	0.0	10.0	10.0	1000.0	24.1	30.89806	79.0	0.0	0.99999714	0.0011013941	1.009987	0.9920828	190000	0.27845946	1.2272013e-06	0.0	-2.5723511e-07	0.868461	42.875736	1.0	99.0	706.8255350589752
19	10.0	0.0	10.0	10.0	1000.0	48.8	42.57417	160.0	0.0	0.9998543	0.0011839188	1.0075098	0.9893262	200000	0.285567	1.4143259e-06	0.0	-4.3467423e-07	0.868461	42.94185	1.0	99.0	749.7488689422607
20	10.0	0.0	10.0	10.0	1000.0	41.2	38.080967	99.0	0.0	0.9997869	0.0012430333	1.0086086	0.99131155	210000	0.27830756	1.6032111e-06	0.0	-5.145969e-07	0.868461	43.060993	1.0	99.0	788.6746010780334
21	10.0	0.0	10.0	10.0	1000.0	39.1	39.149586	134.0	0.0	0.9999833	0.0010089856	1.0060256	0.98961675	220000	0.28656298	1.0416599e-06	0.0	-2.242698e-07	0.868461	43.101795	1.0	99.0	829.2002177238464
22	10.0	0.0	10.0	10.0	1000.0	33.0	26.256428	78.0	0.0	1.0000585	0.0011409984	1.0074587	0.9930586	230000	0.28189167	1.3468288e-06	0.0	-5.356655e-07	0.868461	42.79534	1.0	99.0	868.7934370040894
23	10.0	0.0	10.0	10.0	1000.0	46.3	53.699253	164.0	0.0	0.99996054	0.0009817829	1.0064594	0.99357706	240000	0.28246436	9.678627e-07	0.0	-2.8297995e-07	0.868461	43.019108	1.0	99.0	903.7833559513092
24	10.0	0.0	10.0	10.0	1000.0	35.3	36.224438	93.0	0.0	1.0000247	0.00096980715	1.0044864	0.9917322	250000	0.28309187	9.4887105e-07	0.0	-2.9713578e-07	0.868461	43.042423	1.0	99.0	942.4560053348541
25	10.0	0.0	10.0	10.0	1000.0	17.3	16.691614	46.0	0.0	1.0000266	0.0008923365	1.003939	0.9940445	260000	0.29786876	7.968339e-07	0.0	8.5975036e-05	0.868461	42.912384	1.0	99.0	980.0181381702423
26	10.0	0.0	10.0	10.0	1000.0	18.8	21.395327	56.0	0.0	0.98871094	0.0022594437	1.001652	0.9733504	270000	0.22549973	0.00011601551	0.0	-0.00011191699	0.868461	42.830036	1.0	99.0	1019.3924539089203
27	10.0	0.0	10.0	10.0	1000.0	30.5	43.62167	131.0	0.0	0.99898016	0.0011543913	1.0098718	0.99220526	280000	0.25576973	2.0700638e-06	0.0	-1.3020453e-06	0.868461	42.93157	1.0	99.0	1058.6467752456665
28	10.0	0.0	10.0	10.0	1000.0	33.1	25.037771	79.0	0.0	0.9999682	0.0010985811	1.0076107	0.9930681	290000	0.2735741	1.2193606e-06	0.0	-5.577671e-07	0.868461	42.849888	1.0	99.0	1096.606249332428
29	10.0	0.0	10.0	10.0	1000.0	29.8	32.6	111.0	0.0	0.9999535	0.0010021249	1.005528	0.9932532	300000	0.28034076	1.0161832e-06	0.0	-3.6725686e-07	0.868461	42.955544	1.0	99.0	1135.9954071044922
30	10.0	0.0	10.0	10.0	1000.0	42.8	43.13421	137.0	0.0	0.9999781	0.0009368762	1.0061722	0.9931265	310000	0.282637	8.810698e-07	0.0	1.2546695e-07	0.868461	43.03015	1.0	99.0	1178.9411053657532
31	10.0	0.0	10.0	10.0	1000.0	57.4	43.479187	126.0	0.0	0.9993636	0.0013616579	1.0108014	0.98739743	320000	0.23116606	2.2383776e-06	0.0	-1.5172168e-06	0.868461	43.069336	1.0	99.0	1221.6005806922913
32	10.0	0.0	10.0	10.0	1000.0	52.0	52.773098	148.0	0.0	1.0000471	0.0010012245	1.0080855	0.9923898	330000	0.2714743	1.0065928e-06	0.0	-4.704752e-07	0.868461	42.84694	1.0	99.0	1268.7729942798615
33	10.0	0.0	10.0	10.0	1000.0	24.6	24.187603	72.0	0.0	0.9998586	0.00094794534	1.0069487	0.9940235	340000	0.27725464	9.3034606e-07	0.0	6.1613895e-07	0.868461	43.042793	1.0	99.0	1311.2846655845642
34	10.0	0.0	10.0	10.0	1000.0	22.7	17.274548	49.0	0.0	0.99585176	0.0010441445	1.009287	0.98693794	350000	0.24746138	1.6109603e-05	0.0	-1.5159797e-05	0.868461	42.767807	1.0	99.0	1355.1027574539185
35	10.0	0.0	10.0	10.0	1000.0	32.6	26.146511	92.0	0.0	0.99974656	0.0008409131	1.0082947	0.99451774	360000	0.2712632	7.6631403e-07	0.0	-2.8170746e-07	0.868461	43.074207	1.0	99.0	1399.7359502315521
36	10.0	0.0	10.0	10.0	1000.0	36.0	34.534042	94.0	0.0	0.9999537	0.00077606714	1.0059723	0.9939094	370000	0.2856274	6.0479744e-07	0.0	7.776737e-08	0.868461	42.848557	1.0	99.0	1440.7543156147003
37	10.0	0.0	10.0	10.0	1000.0	45.8	47.152515	138.0	0.0	0.99923635	0.0010642923	1.0096122	0.99073774	380000	0.25083956	1.6911049e-06	0.0	-1.1910189e-06	0.868461	42.726265	1.0	99.0	1484.3925879001617
38	10.0	0.0	10.0	10.0	1000.0	30.8	23.34438	69.0	0.0	1.0000643	0.0008468558	1.0075135	0.9946483	390000	0.2760088	7.1262514e-07	0.0	1.6809639e-06	0.868461	42.989883	1.0	99.0	1531.4155116081238
39	10.0	0.0	10.0	10.0	1000.0	24.1	22.779158	59.0	0.0	1.0010757	0.00082385464	1.0096294	0.99423474	400000	0.2603374	1.6871236e-06	0.0	-1.2525652e-06	0.868461	42.964756	1.0	99.0	1573.2714953422546
40	10.0	0.0	10.0	10.0	1000.0	21.0	27.542694	87.0	0.0	1.0001494	0.0007176071	1.0068516	0.99411666	410000	0.27085552	5.3206645e-07	0.0	1.999751e-05	0.868461	42.927086	1.0	99.0	1620.2378566265106
41	10.0	0.0	10.0	10.0	1000.0	57.8	47.21398	146.0	0.0	1.0062076	0.0010119732	1.0164253	0.9996825	420000	0.26372612	3.3864206e-05	0.0	-3.2133627e-05	0.868461	42.935196	1.0	99.0	1659.9242129325867
42	10.0	0.0	10.0	10.0	1000.0	28.3	27.680498	83.0	0.0	1.0006328	0.00093874714	1.0064336	0.9907673	430000	0.28751594	1.1402992e-06	0.0	-6.9553596e-07	0.868461	42.892887	1.0	99.0	1698.5543096065521
43	10.0	0.0	10.0	10.0	1000.0	43.0	31.711197	101.0	0.0	1.0001699	0.00078692596	1.0053014	0.9941827	440000	0.27854875	6.4258484e-07	0.0	1.6873423e-06	0.868461	43.07619	1.0	99.0	1732.774117231369
44	10.0	0.0	10.0	10.0	1000.0	10.1	15.858438	51.0	0.0	0.99835294	0.00079341134	1.005617	0.9927109	450000	0.27502725	3.0242797e-06	0.0	-2.631033e-06	0.868461	42.806564	1.0	99.0	1770.4379518032074
45	10.0	0.0	10.0	10.0	1000.0	31.7	30.259048	88.0	0.0	0.9998167	0.0007304718	1.0071452	0.9927944	460000	0.2774941	5.655322e-07	0.0	3.126745e-06	0.868461	43.185825	1.0	99.0	1805.9792881011963
46	10.0	0.0	10.0	10.0	1000.0	18.6	26.112066	75.0	0.0	1.0016576	0.0006668086	1.0110825	0.9968293	470000	0.25748268	2.778279e-06	0.0	-2.3946016e-06	0.868461	42.77783	1.0	99.0	1840.8662929534912
47	10.0	0.0	10.0	10.0	1000.0	21.8	28.774294	81.0	0.0	1.0002383	0.00064134045	1.0045629	0.9953465	480000	0.28312603	4.548669e-07	0.0	7.767671e-07	0.868461	42.98503	1.0	99.0	1874.3533895015717
48	10.0	0.0	10.0	10.0	1000.0	47.6	58.56654	181.0	0.0	1.0008739	0.00067977986	1.0068043	0.9948733	490000	0.27144596	1.0863714e-06	0.0	1.4784533e-05	0.868461	42.826057	1.0	99.0	1909.1398179531097
49	10.0	0.0	10.0	10.0	1000.0	28.7	34.65271	109.0	0.0	0.995279	0.0006533603	1.0015824	0.9870468	500000	0.29150033	1.9619823e-05	0.0	-1.8628176e-05	0.868461	42.794098	1.0	99.0	1944.0525600910187
